{
 "cells": [
  {
   "cell_type": "code",
   "execution_count": 1,
   "metadata": {},
   "outputs": [],
   "source": [
    "import polars as pl\n",
    "import plotly.graph_objects as go\n",
    "import plotly.express as px\n",
    "import re\n",
    "import os\n",
    "import pandas as pd"
   ]
  },
  {
   "cell_type": "code",
   "execution_count": 2,
   "metadata": {},
   "outputs": [],
   "source": [
    "folder_path = \"../data/parquet_files\"\n",
    "files = [os.path.join(folder_path, f) for f in os.listdir(folder_path) if f.endswith('.parquet')]\n",
    "\n",
    "data_frames = [pl.read_parquet(file) for file in files]\n",
    "combined_df = pl.concat(data_frames)"
   ]
  },
  {
   "cell_type": "code",
   "execution_count": 3,
   "metadata": {},
   "outputs": [],
   "source": [
    "def add_prediction_column(df):\n",
    "    \"\"\"Add a prediction column based on the score threshold of 0.5.\"\"\"\n",
    "    return df.with_columns((df['score'] > 0.5).cast(pl.Int8).alias('prediction'))\n",
    "\n",
    "def add_threshold_columns(df, threshold):\n",
    "    return df.with_columns((df['score'] > threshold).cast(pl.Int8).alias(f'threshold_{str(threshold)}'))\n",
    "\n",
    "combined_df = add_prediction_column(combined_df)\n",
    "combined_df = add_threshold_columns(combined_df, 0.5)\n",
    "combined_df = add_threshold_columns(combined_df, 0.9)"
   ]
  },
  {
   "cell_type": "code",
   "execution_count": 4,
   "metadata": {},
   "outputs": [],
   "source": [
    "def add_cell_line_run_column(df):\n",
    "    df = df.with_columns((pl.col(\"cell_line\") + \"_\" + pl.col(\"run\")).alias(\"cell_line_run\"))\n",
    "    return df\n",
    "\n",
    "combined_df = add_cell_line_run_column(combined_df)"
   ]
  },
  {
   "cell_type": "code",
   "execution_count": 5,
   "metadata": {},
   "outputs": [
    {
     "name": "stdout",
     "output_type": "stream",
     "text": [
      "['cell_line', 'run', 'transcript_id', 'transcript_position', 'sequence', 'proportion_1', 'proportion_2', 'proportion_3', 'diff_1_1', 'diff_1_2', 'diff_1_3', 'diff_2_1', 'diff_2_2', 'diff_2_3', 'length', 'mean_0', 'var_0', 'max_0', 'min_0', 'mean_1', 'var_1', 'max_1', 'min_1', 'mean_2', 'var_2', 'max_2', 'min_2', 'mean_3', 'var_3', 'max_3', 'min_3', 'mean_4', 'var_4', 'max_4', 'min_4', 'mean_5', 'var_5', 'max_5', 'min_5', 'mean_6', 'var_6', 'max_6', 'min_6', 'mean_7', 'var_7', 'max_7', 'min_7', 'mean_8', 'var_8', 'max_8', 'min_8', 'score', 'prediction', 'threshold_0.5', 'threshold_0.9', 'cell_line_run']\n"
     ]
    }
   ],
   "source": [
    "print(combined_df.columns)"
   ]
  },
  {
   "cell_type": "code",
   "execution_count": null,
   "metadata": {},
   "outputs": [
    {
     "data": {
      "application/vnd.plotly.v1+json": {
       "config": {
        "plotlyServerURL": "https://plot.ly"
       },
       "data": [
        {
         "marker": {
          "color": "rgb(255, 127, 14)"
         },
         "name": "Modifications (Prediction=1)",
         "text": [
          "121306 (4.83%)",
          "206234 (4.8%)",
          "128595 (4.09%)",
          "163615 (5.18%)",
          "136636 (5.06%)"
         ],
         "textposition": "outside",
         "type": "bar",
         "x": [
          "A549",
          "Hct116",
          "HepG2",
          "K562",
          "MCF7"
         ],
         "y": [
          121306,
          206234,
          128595,
          163615,
          136636
         ]
        },
        {
         "marker": {
          "color": "rgb(31, 119, 180)"
         },
         "name": "Non-Modifications (Prediction=0)",
         "text": [
          "2388206 (95.17%)",
          "4087257 (95.2%)",
          "3017182 (95.91%)",
          "2992530 (94.82%)",
          "2562003 (94.94%)"
         ],
         "textposition": "outside",
         "type": "bar",
         "x": [
          "A549",
          "Hct116",
          "HepG2",
          "K562",
          "MCF7"
         ],
         "y": [
          2388206,
          4087257,
          3017182,
          2992530,
          2562003
         ]
        }
       ],
       "layout": {
        "barmode": "group",
        "legend": {
         "title": {
          "text": "Modification Type"
         }
        },
        "plot_bgcolor": "white",
        "template": {
         "data": {
          "bar": [
           {
            "error_x": {
             "color": "#2a3f5f"
            },
            "error_y": {
             "color": "#2a3f5f"
            },
            "marker": {
             "line": {
              "color": "#E5ECF6",
              "width": 0.5
             },
             "pattern": {
              "fillmode": "overlay",
              "size": 10,
              "solidity": 0.2
             }
            },
            "type": "bar"
           }
          ],
          "barpolar": [
           {
            "marker": {
             "line": {
              "color": "#E5ECF6",
              "width": 0.5
             },
             "pattern": {
              "fillmode": "overlay",
              "size": 10,
              "solidity": 0.2
             }
            },
            "type": "barpolar"
           }
          ],
          "carpet": [
           {
            "aaxis": {
             "endlinecolor": "#2a3f5f",
             "gridcolor": "white",
             "linecolor": "white",
             "minorgridcolor": "white",
             "startlinecolor": "#2a3f5f"
            },
            "baxis": {
             "endlinecolor": "#2a3f5f",
             "gridcolor": "white",
             "linecolor": "white",
             "minorgridcolor": "white",
             "startlinecolor": "#2a3f5f"
            },
            "type": "carpet"
           }
          ],
          "choropleth": [
           {
            "colorbar": {
             "outlinewidth": 0,
             "ticks": ""
            },
            "type": "choropleth"
           }
          ],
          "contour": [
           {
            "colorbar": {
             "outlinewidth": 0,
             "ticks": ""
            },
            "colorscale": [
             [
              0,
              "#0d0887"
             ],
             [
              0.1111111111111111,
              "#46039f"
             ],
             [
              0.2222222222222222,
              "#7201a8"
             ],
             [
              0.3333333333333333,
              "#9c179e"
             ],
             [
              0.4444444444444444,
              "#bd3786"
             ],
             [
              0.5555555555555556,
              "#d8576b"
             ],
             [
              0.6666666666666666,
              "#ed7953"
             ],
             [
              0.7777777777777778,
              "#fb9f3a"
             ],
             [
              0.8888888888888888,
              "#fdca26"
             ],
             [
              1,
              "#f0f921"
             ]
            ],
            "type": "contour"
           }
          ],
          "contourcarpet": [
           {
            "colorbar": {
             "outlinewidth": 0,
             "ticks": ""
            },
            "type": "contourcarpet"
           }
          ],
          "heatmap": [
           {
            "colorbar": {
             "outlinewidth": 0,
             "ticks": ""
            },
            "colorscale": [
             [
              0,
              "#0d0887"
             ],
             [
              0.1111111111111111,
              "#46039f"
             ],
             [
              0.2222222222222222,
              "#7201a8"
             ],
             [
              0.3333333333333333,
              "#9c179e"
             ],
             [
              0.4444444444444444,
              "#bd3786"
             ],
             [
              0.5555555555555556,
              "#d8576b"
             ],
             [
              0.6666666666666666,
              "#ed7953"
             ],
             [
              0.7777777777777778,
              "#fb9f3a"
             ],
             [
              0.8888888888888888,
              "#fdca26"
             ],
             [
              1,
              "#f0f921"
             ]
            ],
            "type": "heatmap"
           }
          ],
          "heatmapgl": [
           {
            "colorbar": {
             "outlinewidth": 0,
             "ticks": ""
            },
            "colorscale": [
             [
              0,
              "#0d0887"
             ],
             [
              0.1111111111111111,
              "#46039f"
             ],
             [
              0.2222222222222222,
              "#7201a8"
             ],
             [
              0.3333333333333333,
              "#9c179e"
             ],
             [
              0.4444444444444444,
              "#bd3786"
             ],
             [
              0.5555555555555556,
              "#d8576b"
             ],
             [
              0.6666666666666666,
              "#ed7953"
             ],
             [
              0.7777777777777778,
              "#fb9f3a"
             ],
             [
              0.8888888888888888,
              "#fdca26"
             ],
             [
              1,
              "#f0f921"
             ]
            ],
            "type": "heatmapgl"
           }
          ],
          "histogram": [
           {
            "marker": {
             "pattern": {
              "fillmode": "overlay",
              "size": 10,
              "solidity": 0.2
             }
            },
            "type": "histogram"
           }
          ],
          "histogram2d": [
           {
            "colorbar": {
             "outlinewidth": 0,
             "ticks": ""
            },
            "colorscale": [
             [
              0,
              "#0d0887"
             ],
             [
              0.1111111111111111,
              "#46039f"
             ],
             [
              0.2222222222222222,
              "#7201a8"
             ],
             [
              0.3333333333333333,
              "#9c179e"
             ],
             [
              0.4444444444444444,
              "#bd3786"
             ],
             [
              0.5555555555555556,
              "#d8576b"
             ],
             [
              0.6666666666666666,
              "#ed7953"
             ],
             [
              0.7777777777777778,
              "#fb9f3a"
             ],
             [
              0.8888888888888888,
              "#fdca26"
             ],
             [
              1,
              "#f0f921"
             ]
            ],
            "type": "histogram2d"
           }
          ],
          "histogram2dcontour": [
           {
            "colorbar": {
             "outlinewidth": 0,
             "ticks": ""
            },
            "colorscale": [
             [
              0,
              "#0d0887"
             ],
             [
              0.1111111111111111,
              "#46039f"
             ],
             [
              0.2222222222222222,
              "#7201a8"
             ],
             [
              0.3333333333333333,
              "#9c179e"
             ],
             [
              0.4444444444444444,
              "#bd3786"
             ],
             [
              0.5555555555555556,
              "#d8576b"
             ],
             [
              0.6666666666666666,
              "#ed7953"
             ],
             [
              0.7777777777777778,
              "#fb9f3a"
             ],
             [
              0.8888888888888888,
              "#fdca26"
             ],
             [
              1,
              "#f0f921"
             ]
            ],
            "type": "histogram2dcontour"
           }
          ],
          "mesh3d": [
           {
            "colorbar": {
             "outlinewidth": 0,
             "ticks": ""
            },
            "type": "mesh3d"
           }
          ],
          "parcoords": [
           {
            "line": {
             "colorbar": {
              "outlinewidth": 0,
              "ticks": ""
             }
            },
            "type": "parcoords"
           }
          ],
          "pie": [
           {
            "automargin": true,
            "type": "pie"
           }
          ],
          "scatter": [
           {
            "fillpattern": {
             "fillmode": "overlay",
             "size": 10,
             "solidity": 0.2
            },
            "type": "scatter"
           }
          ],
          "scatter3d": [
           {
            "line": {
             "colorbar": {
              "outlinewidth": 0,
              "ticks": ""
             }
            },
            "marker": {
             "colorbar": {
              "outlinewidth": 0,
              "ticks": ""
             }
            },
            "type": "scatter3d"
           }
          ],
          "scattercarpet": [
           {
            "marker": {
             "colorbar": {
              "outlinewidth": 0,
              "ticks": ""
             }
            },
            "type": "scattercarpet"
           }
          ],
          "scattergeo": [
           {
            "marker": {
             "colorbar": {
              "outlinewidth": 0,
              "ticks": ""
             }
            },
            "type": "scattergeo"
           }
          ],
          "scattergl": [
           {
            "marker": {
             "colorbar": {
              "outlinewidth": 0,
              "ticks": ""
             }
            },
            "type": "scattergl"
           }
          ],
          "scattermapbox": [
           {
            "marker": {
             "colorbar": {
              "outlinewidth": 0,
              "ticks": ""
             }
            },
            "type": "scattermapbox"
           }
          ],
          "scatterpolar": [
           {
            "marker": {
             "colorbar": {
              "outlinewidth": 0,
              "ticks": ""
             }
            },
            "type": "scatterpolar"
           }
          ],
          "scatterpolargl": [
           {
            "marker": {
             "colorbar": {
              "outlinewidth": 0,
              "ticks": ""
             }
            },
            "type": "scatterpolargl"
           }
          ],
          "scatterternary": [
           {
            "marker": {
             "colorbar": {
              "outlinewidth": 0,
              "ticks": ""
             }
            },
            "type": "scatterternary"
           }
          ],
          "surface": [
           {
            "colorbar": {
             "outlinewidth": 0,
             "ticks": ""
            },
            "colorscale": [
             [
              0,
              "#0d0887"
             ],
             [
              0.1111111111111111,
              "#46039f"
             ],
             [
              0.2222222222222222,
              "#7201a8"
             ],
             [
              0.3333333333333333,
              "#9c179e"
             ],
             [
              0.4444444444444444,
              "#bd3786"
             ],
             [
              0.5555555555555556,
              "#d8576b"
             ],
             [
              0.6666666666666666,
              "#ed7953"
             ],
             [
              0.7777777777777778,
              "#fb9f3a"
             ],
             [
              0.8888888888888888,
              "#fdca26"
             ],
             [
              1,
              "#f0f921"
             ]
            ],
            "type": "surface"
           }
          ],
          "table": [
           {
            "cells": {
             "fill": {
              "color": "#EBF0F8"
             },
             "line": {
              "color": "white"
             }
            },
            "header": {
             "fill": {
              "color": "#C8D4E3"
             },
             "line": {
              "color": "white"
             }
            },
            "type": "table"
           }
          ]
         },
         "layout": {
          "annotationdefaults": {
           "arrowcolor": "#2a3f5f",
           "arrowhead": 0,
           "arrowwidth": 1
          },
          "autotypenumbers": "strict",
          "coloraxis": {
           "colorbar": {
            "outlinewidth": 0,
            "ticks": ""
           }
          },
          "colorscale": {
           "diverging": [
            [
             0,
             "#8e0152"
            ],
            [
             0.1,
             "#c51b7d"
            ],
            [
             0.2,
             "#de77ae"
            ],
            [
             0.3,
             "#f1b6da"
            ],
            [
             0.4,
             "#fde0ef"
            ],
            [
             0.5,
             "#f7f7f7"
            ],
            [
             0.6,
             "#e6f5d0"
            ],
            [
             0.7,
             "#b8e186"
            ],
            [
             0.8,
             "#7fbc41"
            ],
            [
             0.9,
             "#4d9221"
            ],
            [
             1,
             "#276419"
            ]
           ],
           "sequential": [
            [
             0,
             "#0d0887"
            ],
            [
             0.1111111111111111,
             "#46039f"
            ],
            [
             0.2222222222222222,
             "#7201a8"
            ],
            [
             0.3333333333333333,
             "#9c179e"
            ],
            [
             0.4444444444444444,
             "#bd3786"
            ],
            [
             0.5555555555555556,
             "#d8576b"
            ],
            [
             0.6666666666666666,
             "#ed7953"
            ],
            [
             0.7777777777777778,
             "#fb9f3a"
            ],
            [
             0.8888888888888888,
             "#fdca26"
            ],
            [
             1,
             "#f0f921"
            ]
           ],
           "sequentialminus": [
            [
             0,
             "#0d0887"
            ],
            [
             0.1111111111111111,
             "#46039f"
            ],
            [
             0.2222222222222222,
             "#7201a8"
            ],
            [
             0.3333333333333333,
             "#9c179e"
            ],
            [
             0.4444444444444444,
             "#bd3786"
            ],
            [
             0.5555555555555556,
             "#d8576b"
            ],
            [
             0.6666666666666666,
             "#ed7953"
            ],
            [
             0.7777777777777778,
             "#fb9f3a"
            ],
            [
             0.8888888888888888,
             "#fdca26"
            ],
            [
             1,
             "#f0f921"
            ]
           ]
          },
          "colorway": [
           "#636efa",
           "#EF553B",
           "#00cc96",
           "#ab63fa",
           "#FFA15A",
           "#19d3f3",
           "#FF6692",
           "#B6E880",
           "#FF97FF",
           "#FECB52"
          ],
          "font": {
           "color": "#2a3f5f"
          },
          "geo": {
           "bgcolor": "white",
           "lakecolor": "white",
           "landcolor": "#E5ECF6",
           "showlakes": true,
           "showland": true,
           "subunitcolor": "white"
          },
          "hoverlabel": {
           "align": "left"
          },
          "hovermode": "closest",
          "mapbox": {
           "style": "light"
          },
          "paper_bgcolor": "white",
          "plot_bgcolor": "#E5ECF6",
          "polar": {
           "angularaxis": {
            "gridcolor": "white",
            "linecolor": "white",
            "ticks": ""
           },
           "bgcolor": "#E5ECF6",
           "radialaxis": {
            "gridcolor": "white",
            "linecolor": "white",
            "ticks": ""
           }
          },
          "scene": {
           "xaxis": {
            "backgroundcolor": "#E5ECF6",
            "gridcolor": "white",
            "gridwidth": 2,
            "linecolor": "white",
            "showbackground": true,
            "ticks": "",
            "zerolinecolor": "white"
           },
           "yaxis": {
            "backgroundcolor": "#E5ECF6",
            "gridcolor": "white",
            "gridwidth": 2,
            "linecolor": "white",
            "showbackground": true,
            "ticks": "",
            "zerolinecolor": "white"
           },
           "zaxis": {
            "backgroundcolor": "#E5ECF6",
            "gridcolor": "white",
            "gridwidth": 2,
            "linecolor": "white",
            "showbackground": true,
            "ticks": "",
            "zerolinecolor": "white"
           }
          },
          "shapedefaults": {
           "line": {
            "color": "#2a3f5f"
           }
          },
          "ternary": {
           "aaxis": {
            "gridcolor": "white",
            "linecolor": "white",
            "ticks": ""
           },
           "baxis": {
            "gridcolor": "white",
            "linecolor": "white",
            "ticks": ""
           },
           "bgcolor": "#E5ECF6",
           "caxis": {
            "gridcolor": "white",
            "linecolor": "white",
            "ticks": ""
           }
          },
          "title": {
           "x": 0.05
          },
          "xaxis": {
           "automargin": true,
           "gridcolor": "white",
           "linecolor": "white",
           "ticks": "",
           "title": {
            "standoff": 15
           },
           "zerolinecolor": "white",
           "zerolinewidth": 2
          },
          "yaxis": {
           "automargin": true,
           "gridcolor": "white",
           "linecolor": "white",
           "ticks": "",
           "title": {
            "standoff": 15
           },
           "zerolinecolor": "white",
           "zerolinewidth": 2
          }
         }
        },
        "title": {
         "text": "Counts and Proportions of Modifications and Non-Modifications across Cell Lines",
         "x": 0.5,
         "xanchor": "center"
        },
        "xaxis": {
         "title": {
          "text": "Cell Line"
         }
        },
        "yaxis": {
         "title": {
          "text": "Counts"
         }
        }
       }
      }
     },
     "metadata": {},
     "output_type": "display_data"
    }
   ],
   "source": [
    "\n",
    "def calculate_prediction_counts_by_cell_line(df, position_range=(0, 250000)):\n",
    "    # Filter to the specified transcript_position range\n",
    "    df = df.filter((pl.col(\"transcript_position\") >= position_range[0]) & (pl.col(\"transcript_position\") <= position_range[1]))\n",
    "\n",
    "    # Calculate counts and proportions of prediction == 1 and prediction == 0 for each cell line\n",
    "    count_df = (\n",
    "        df.group_by(\"cell_line\")\n",
    "        .agg([\n",
    "            (pl.col(\"prediction\") == 1).sum().alias(\"count_prediction_1\"),  # Count of prediction == 1\n",
    "            (pl.col(\"prediction\") == 0).sum().alias(\"count_prediction_0\")   # Count of prediction == 0\n",
    "        ])\n",
    "        .with_columns([\n",
    "            (pl.col(\"count_prediction_1\") / (pl.col(\"count_prediction_1\") + pl.col(\"count_prediction_0\"))).alias(\"proportion_prediction_1\"),\n",
    "            (pl.col(\"count_prediction_0\") / (pl.col(\"count_prediction_1\") + pl.col(\"count_prediction_0\"))).alias(\"proportion_prediction_0\")\n",
    "        ])\n",
    "        .sort(\"cell_line\")\n",
    "    )\n",
    "\n",
    "    return count_df\n",
    "\n",
    "def plot_prediction_counts_by_cell_line_bar(count_df):\n",
    "    count_df_pandas = count_df.to_pandas()\n",
    "\n",
    "    fig = go.Figure()\n",
    "\n",
    "    colors = {\n",
    "        \"modifications\": \"rgb(255, 127, 14)\",  # orange for mods\n",
    "        \"non_modifications\": \"rgb(31, 119, 180)\"  # Blue for non-modifications \n",
    "    }\n",
    "\n",
    "    # Add bar for prediction == 1 (modifications) with count and proportion\n",
    "    fig.add_trace(go.Bar(\n",
    "        x=count_df_pandas[\"cell_line\"],\n",
    "        y=count_df_pandas[\"count_prediction_1\"],\n",
    "        name=\"Modifications (Prediction=1)\",\n",
    "        marker_color=colors[\"modifications\"],\n",
    "        text=(count_df_pandas[\"count_prediction_1\"].astype(str) + \" (\" +\n",
    "              (count_df_pandas[\"proportion_prediction_1\"] * 100).round(2).astype(str) + '%)'),\n",
    "        textposition=\"outside\"\n",
    "    ))\n",
    "\n",
    "    # Add bar for prediction == 0 (non-modifications) with count and proportion\n",
    "    fig.add_trace(go.Bar(\n",
    "        x=count_df_pandas[\"cell_line\"],\n",
    "        y=count_df_pandas[\"count_prediction_0\"],\n",
    "        name=\"Non-Modifications (Prediction=0)\",\n",
    "        marker_color=colors[\"non_modifications\"],\n",
    "        text=(count_df_pandas[\"count_prediction_0\"].astype(str) + \" (\" +\n",
    "              (count_df_pandas[\"proportion_prediction_0\"] * 100).round(2).astype(str) + '%)'),\n",
    "        textposition=\"outside\"\n",
    "    ))\n",
    "\n",
    "    # Update layout to make it a grouped bar chart\n",
    "    fig.update_layout(\n",
    "        title={\n",
    "            \"text\": \"Counts and Proportions of Modifications and Non-Modifications across Cell Lines\",\n",
    "            \"xanchor\": 'center',\n",
    "            \"x\": 0.5\n",
    "        },\n",
    "        xaxis_title=\"Cell Line\",\n",
    "        yaxis_title=\"Counts\",\n",
    "        barmode=\"group\",  \n",
    "        legend_title=\"Modification Type\",\n",
    "        plot_bgcolor=\"white\"  \n",
    "    )\n",
    "\n",
    "    fig.show()\n",
    "\n",
    "count_df = calculate_prediction_counts_by_cell_line(combined_df)\n",
    "plot_prediction_counts_by_cell_line_bar(count_df)\n"
   ]
  },
  {
   "cell_type": "markdown",
   "metadata": {},
   "source": [
    "### Correlations between Cell Lines\n",
    "\n",
    "Am not too clear on the correlation calculations but it should resolve positions which other lines/runs do not have data on by ignoring it ie. if run A has position 244 but run B does not, I think it ignores\n",
    "\n",
    "Also there is for some reason duplicate transcript_positions which I am quite confused about"
   ]
  },
  {
   "cell_type": "code",
   "execution_count": 46,
   "metadata": {},
   "outputs": [
    {
     "data": {
      "application/vnd.plotly.v1+json": {
       "config": {
        "plotlyServerURL": "https://plot.ly"
       },
       "data": [
        {
         "colorbar": {
          "title": {
           "text": "Correlation Coefficient"
          }
         },
         "colorscale": [
          [
           0,
           "rgb(103,0,31)"
          ],
          [
           0.1,
           "rgb(178,24,43)"
          ],
          [
           0.2,
           "rgb(214,96,77)"
          ],
          [
           0.3,
           "rgb(244,165,130)"
          ],
          [
           0.4,
           "rgb(253,219,199)"
          ],
          [
           0.5,
           "rgb(247,247,247)"
          ],
          [
           0.6,
           "rgb(209,229,240)"
          ],
          [
           0.7,
           "rgb(146,197,222)"
          ],
          [
           0.8,
           "rgb(67,147,195)"
          ],
          [
           0.9,
           "rgb(33,102,172)"
          ],
          [
           1,
           "rgb(5,48,97)"
          ]
         ],
         "type": "heatmap",
         "x": [
          "A549_replicate5_run1",
          "A549_replicate6_run1",
          "Hct116_replicate3_run1",
          "Hct116_replicate3_run4",
          "Hct116_replicate4_run3",
          "HepG2_replicate5_run2",
          "HepG2_replicate6_run1",
          "K562_replicate4_run1",
          "K562_replicate5_run1",
          "K562_replicate6_run1",
          "MCF7_replicate3_run1",
          "MCF7_replicate4_run1"
         ],
         "y": [
          "A549_replicate5_run1",
          "A549_replicate6_run1",
          "Hct116_replicate3_run1",
          "Hct116_replicate3_run4",
          "Hct116_replicate4_run3",
          "HepG2_replicate5_run2",
          "HepG2_replicate6_run1",
          "K562_replicate4_run1",
          "K562_replicate5_run1",
          "K562_replicate6_run1",
          "MCF7_replicate3_run1",
          "MCF7_replicate4_run1"
         ],
         "z": [
          [
           1,
           0.2708225442319762,
           0.19871363098976358,
           0.21523910529892315,
           0.20803879464328967,
           0.2816546554940359,
           0.23241014227566464,
           0.25619735926941045,
           0.22123815614297918,
           0.19519104524670905,
           0.22735309182387586,
           0.1880389226297012
          ],
          [
           0.2708225442319762,
           1,
           0.2601246820095243,
           0.30903091018778434,
           0.23354453194508407,
           0.30094615965824484,
           0.25954916302505515,
           0.22991705770992457,
           0.18332624471805967,
           0.24443020066254445,
           0.24079853554002942,
           0.23449791149064475
          ],
          [
           0.19871363098976358,
           0.2601246820095243,
           1,
           0.2756565752431219,
           0.2626516796154172,
           0.2790911425624306,
           0.2949424725636809,
           0.19501249888166625,
           0.19328323261396366,
           0.20347228233832876,
           0.24417924595787355,
           0.2356868227753067
          ],
          [
           0.21523910529892315,
           0.30903091018778434,
           0.2756565752431219,
           1,
           0.23167071232547506,
           0.2754263403917594,
           0.30434891281200216,
           0.261685958956462,
           0.24310091688994345,
           0.27253467526079656,
           0.2158959737013237,
           0.2456368553732444
          ],
          [
           0.20803879464328967,
           0.23354453194508407,
           0.2626516796154172,
           0.23167071232547506,
           1,
           0.2813475874878863,
           0.257904176609269,
           0.2009360429136123,
           0.20876903400033106,
           0.2047008865992554,
           0.20634150222214293,
           0.2367269942361024
          ],
          [
           0.2816546554940359,
           0.30094615965824484,
           0.2790911425624306,
           0.2754263403917594,
           0.2813475874878863,
           1,
           0.29845078271814546,
           0.257694524920834,
           0.18367216881376944,
           0.24052194317347017,
           0.22238555548638772,
           0.2673401085337207
          ],
          [
           0.23241014227566464,
           0.25954916302505515,
           0.2949424725636809,
           0.30434891281200216,
           0.257904176609269,
           0.29845078271814546,
           1,
           0.2725611555938131,
           0.24439033281602285,
           0.23945476311712477,
           0.27300542375634457,
           0.2324433431711065
          ],
          [
           0.25619735926941045,
           0.22991705770992457,
           0.19501249888166625,
           0.261685958956462,
           0.2009360429136123,
           0.257694524920834,
           0.2725611555938131,
           1,
           0.29774212471084405,
           0.30762086985724274,
           0.23856462053536384,
           0.2157292830115909
          ],
          [
           0.22123815614297918,
           0.18332624471805967,
           0.19328323261396366,
           0.24310091688994345,
           0.20876903400033106,
           0.18367216881376944,
           0.24439033281602285,
           0.29774212471084405,
           1,
           0.29726805807983564,
           0.19501461915561588,
           0.22425349069350076
          ],
          [
           0.19519104524670905,
           0.24443020066254445,
           0.20347228233832876,
           0.27253467526079656,
           0.2047008865992554,
           0.24052194317347017,
           0.23945476311712477,
           0.30762086985724274,
           0.29726805807983564,
           1,
           0.26030783305982413,
           0.19635819579402936
          ],
          [
           0.22735309182387586,
           0.24079853554002942,
           0.24417924595787355,
           0.2158959737013237,
           0.20634150222214293,
           0.22238555548638772,
           0.27300542375634457,
           0.23856462053536384,
           0.19501461915561588,
           0.26030783305982413,
           1,
           0.22533229369931138
          ],
          [
           0.1880389226297012,
           0.23449791149064475,
           0.2356868227753067,
           0.2456368553732444,
           0.2367269942361024,
           0.2673401085337207,
           0.2324433431711065,
           0.2157292830115909,
           0.22425349069350076,
           0.19635819579402936,
           0.22533229369931138,
           1
          ]
         ],
         "zmax": 1,
         "zmin": -1
        }
       ],
       "layout": {
        "template": {
         "data": {
          "bar": [
           {
            "error_x": {
             "color": "#2a3f5f"
            },
            "error_y": {
             "color": "#2a3f5f"
            },
            "marker": {
             "line": {
              "color": "#E5ECF6",
              "width": 0.5
             },
             "pattern": {
              "fillmode": "overlay",
              "size": 10,
              "solidity": 0.2
             }
            },
            "type": "bar"
           }
          ],
          "barpolar": [
           {
            "marker": {
             "line": {
              "color": "#E5ECF6",
              "width": 0.5
             },
             "pattern": {
              "fillmode": "overlay",
              "size": 10,
              "solidity": 0.2
             }
            },
            "type": "barpolar"
           }
          ],
          "carpet": [
           {
            "aaxis": {
             "endlinecolor": "#2a3f5f",
             "gridcolor": "white",
             "linecolor": "white",
             "minorgridcolor": "white",
             "startlinecolor": "#2a3f5f"
            },
            "baxis": {
             "endlinecolor": "#2a3f5f",
             "gridcolor": "white",
             "linecolor": "white",
             "minorgridcolor": "white",
             "startlinecolor": "#2a3f5f"
            },
            "type": "carpet"
           }
          ],
          "choropleth": [
           {
            "colorbar": {
             "outlinewidth": 0,
             "ticks": ""
            },
            "type": "choropleth"
           }
          ],
          "contour": [
           {
            "colorbar": {
             "outlinewidth": 0,
             "ticks": ""
            },
            "colorscale": [
             [
              0,
              "#0d0887"
             ],
             [
              0.1111111111111111,
              "#46039f"
             ],
             [
              0.2222222222222222,
              "#7201a8"
             ],
             [
              0.3333333333333333,
              "#9c179e"
             ],
             [
              0.4444444444444444,
              "#bd3786"
             ],
             [
              0.5555555555555556,
              "#d8576b"
             ],
             [
              0.6666666666666666,
              "#ed7953"
             ],
             [
              0.7777777777777778,
              "#fb9f3a"
             ],
             [
              0.8888888888888888,
              "#fdca26"
             ],
             [
              1,
              "#f0f921"
             ]
            ],
            "type": "contour"
           }
          ],
          "contourcarpet": [
           {
            "colorbar": {
             "outlinewidth": 0,
             "ticks": ""
            },
            "type": "contourcarpet"
           }
          ],
          "heatmap": [
           {
            "colorbar": {
             "outlinewidth": 0,
             "ticks": ""
            },
            "colorscale": [
             [
              0,
              "#0d0887"
             ],
             [
              0.1111111111111111,
              "#46039f"
             ],
             [
              0.2222222222222222,
              "#7201a8"
             ],
             [
              0.3333333333333333,
              "#9c179e"
             ],
             [
              0.4444444444444444,
              "#bd3786"
             ],
             [
              0.5555555555555556,
              "#d8576b"
             ],
             [
              0.6666666666666666,
              "#ed7953"
             ],
             [
              0.7777777777777778,
              "#fb9f3a"
             ],
             [
              0.8888888888888888,
              "#fdca26"
             ],
             [
              1,
              "#f0f921"
             ]
            ],
            "type": "heatmap"
           }
          ],
          "heatmapgl": [
           {
            "colorbar": {
             "outlinewidth": 0,
             "ticks": ""
            },
            "colorscale": [
             [
              0,
              "#0d0887"
             ],
             [
              0.1111111111111111,
              "#46039f"
             ],
             [
              0.2222222222222222,
              "#7201a8"
             ],
             [
              0.3333333333333333,
              "#9c179e"
             ],
             [
              0.4444444444444444,
              "#bd3786"
             ],
             [
              0.5555555555555556,
              "#d8576b"
             ],
             [
              0.6666666666666666,
              "#ed7953"
             ],
             [
              0.7777777777777778,
              "#fb9f3a"
             ],
             [
              0.8888888888888888,
              "#fdca26"
             ],
             [
              1,
              "#f0f921"
             ]
            ],
            "type": "heatmapgl"
           }
          ],
          "histogram": [
           {
            "marker": {
             "pattern": {
              "fillmode": "overlay",
              "size": 10,
              "solidity": 0.2
             }
            },
            "type": "histogram"
           }
          ],
          "histogram2d": [
           {
            "colorbar": {
             "outlinewidth": 0,
             "ticks": ""
            },
            "colorscale": [
             [
              0,
              "#0d0887"
             ],
             [
              0.1111111111111111,
              "#46039f"
             ],
             [
              0.2222222222222222,
              "#7201a8"
             ],
             [
              0.3333333333333333,
              "#9c179e"
             ],
             [
              0.4444444444444444,
              "#bd3786"
             ],
             [
              0.5555555555555556,
              "#d8576b"
             ],
             [
              0.6666666666666666,
              "#ed7953"
             ],
             [
              0.7777777777777778,
              "#fb9f3a"
             ],
             [
              0.8888888888888888,
              "#fdca26"
             ],
             [
